Webots Project File version R2020a
perspectives: 000000ff00000000fd000000030000000000000320000003b4fc0100000001fb0000001a0044006f00630075006d0065006e0074006100740069006f006e0000000000ffffffff0000006900ffffff000000010000041200000304fc0200000001fb0000001400540065007800740045006400690074006f0072000000001b000003040000004100ffffff0000000300000780000000aefc0100000001fb0000000e0043006f006e0073006f006c00650100000000000007800000006900ffffff000007800000030400000001000000020000000100000008fc00000000
simulationViewPerspectives: 000000ff00000001000000020000015d000006210100000002010000000100
sceneTreePerspectives: 000000ff0000000100000002000000c0000000fa0100000002010000000200
maximizedDockId: -1
centralWidgetVisible: 1
selectionDisabled: 0
viewpointLocked: 0
orthographicViewHeight: 1
textFiles: -1
globalOptionalRendering: LidarPointClouds::LightSensorRays::DistanceSensorRays
centerOfMass: vehicle
renderingDevicePerspectives: vehicle:camera2;0;0.835938;0;0
renderingDevicePerspectives: vehicle:display;1;0.933594;0.651163;0
renderingDevicePerspectives: vehicle:camera1;0;0.835938;0;0
x3dExport-shadowBias: 0
x3dExport-shadowMapSize: 2048
x3dExport-shadowRadius: 0
